cami 0.874534 0.187994 0.078261 0.259084
bina 0.034783 0.070300 0.069565 0.109005
bina 0.038199 0.180885 0.072671 0.112164
bina 0.037578 0.292259 0.071429 0.110585
bina 0.023292 0.427330 0.041615 0.153239
bina 0.065217 0.415482 0.039752 0.148499
bina 0.039130 0.627172 0.053416 0.123223
bina 0.089752 0.618483 0.039130 0.131122
bina 0.137578 0.594787 0.049068 0.172196
bina 0.122981 0.769352 0.055901 0.157978
bina 0.043789 0.768562 0.056522 0.146919
bina 0.046584 0.930490 0.055901 0.104265
bina 0.117702 0.930490 0.057764 0.107425
bina 0.134472 0.293049 0.060248 0.131122
bina 0.137578 0.163507 0.063975 0.115324
bina 0.143168 0.054502 0.075155 0.109005
bina 0.208696 0.476303 0.044720 0.137441
bina 0.204969 0.614534 0.045963 0.135861
bina 0.204969 0.797788 0.043478 0.135861
bina 0.199379 0.939179 0.043478 0.109005
bina 0.211801 0.295419 0.038509 0.142180
bina 0.218323 0.149289 0.041615 0.131122
bina 0.256832 0.153239 0.032919 0.120063
bina 0.251553 0.297788 0.037267 0.134281
bina 0.248447 0.477883 0.033540 0.121643
bina 0.245342 0.617694 0.038509 0.135861
bina 0.283540 0.613744 0.036646 0.143760
bina 0.285714 0.469984 0.036025 0.124803
bina 0.288820 0.297788 0.037267 0.146919
bina 0.291925 0.154028 0.034783 0.131122
bina 0.327329 0.153239 0.037267 0.132701
bina 0.380435 0.149289 0.071429 0.134281
bina 0.434783 0.140600 0.038509 0.129542
bina 0.472671 0.131912 0.037267 0.109005
bina 0.325776 0.301738 0.034161 0.151659
bina 0.360559 0.294629 0.035404 0.140600
bina 0.396894 0.293839 0.036025 0.142180
bina 0.432919 0.298578 0.034783 0.120063
bina 0.469565 0.286730 0.040994 0.143760
bina 0.469876 0.461295 0.039130 0.129542
bina 0.435093 0.468404 0.032919 0.131122
bina 0.395031 0.472354 0.038509 0.132701
bina 0.356832 0.476303 0.036646 0.131122
bina 0.320807 0.469194 0.034161 0.123223
bina 0.244410 0.801738 0.032919 0.131122
bina 0.279814 0.797788 0.034161 0.120063
bina 0.318323 0.791469 0.034161 0.116904
bina 0.353727 0.799368 0.036646 0.113744
bina 0.390994 0.804107 0.034161 0.126382
bina 0.427950 0.800948 0.031056 0.120063
bina 0.468944 0.802528 0.043478 0.129542
bina 0.238820 0.937599 0.030435 0.109005
bina 0.274845 0.939179 0.035404 0.112164
bina 0.331056 0.939968 0.070807 0.116904
bina 0.389752 0.943128 0.036646 0.107425
bina 0.427950 0.942338 0.036025 0.112164
bina 0.466460 0.943918 0.037267 0.109005
bina 0.533540 0.122433 0.044720 0.143760
bina 0.574224 0.134281 0.030435 0.135861
bina 0.608696 0.135861 0.039752 0.132701
bina 0.657764 0.132701 0.060870 0.126382
bina 0.709938 0.124803 0.038509 0.132701
bina 0.746894 0.126382 0.034161 0.139021
bina 0.786957 0.121643 0.040994 0.132701
bina 0.796584 0.269352 0.044099 0.134281
bina 0.757453 0.274092 0.039130 0.134281
bina 0.700311 0.273302 0.072671 0.145340
bina 0.645031 0.274882 0.044099 0.126382
bina 0.606522 0.277251 0.039130 0.127962
bina 0.572360 0.276461 0.036646 0.120063
bina 0.533540 0.285150 0.043478 0.134281
bina 0.319876 0.622433 0.037267 0.135861
bina 0.357453 0.620063 0.035404 0.124803
bina 0.412733 0.619273 0.071429 0.135861
bina 0.472360 0.609795 0.041615 0.129542
bina 0.534161 0.447867 0.042236 0.140600
bina 0.572671 0.448657 0.037267 0.139021
bina 0.613043 0.448657 0.036025 0.132701
bina 0.652174 0.455766 0.038509 0.131122
bina 0.690683 0.457346 0.034783 0.131122
bina 0.727329 0.451817 0.036025 0.139021
bina 0.765528 0.451817 0.034161 0.123223
bina 0.808696 0.451027 0.038509 0.121643
bina 0.534783 0.610585 0.034783 0.127962
bina 0.574845 0.610585 0.037888 0.137441
bina 0.615839 0.608215 0.039130 0.135861
bina 0.657453 0.608215 0.036646 0.123223
bina 0.694099 0.612954 0.037888 0.132701
bina 0.755590 0.610585 0.075155 0.143760
bina 0.816460 0.609795 0.041615 0.148499
bina 0.532298 0.801738 0.038509 0.137441
bina 0.575466 0.808847 0.036646 0.129542
bina 0.618634 0.809637 0.031056 0.127962
bina 0.659006 0.782780 0.031056 0.071090
bina 0.701863 0.804897 0.038509 0.124803
bina 0.743478 0.809637 0.034783 0.131122
bina 0.781366 0.803318 0.033540 0.131122
bina 0.823602 0.802528 0.042236 0.139021
bina 0.534472 0.946288 0.039130 0.107425
bina 0.577329 0.947867 0.035404 0.104265
bina 0.619876 0.944708 0.044720 0.110585
bina 0.661801 0.947867 0.040373 0.104265
bina 0.725466 0.943918 0.075776 0.112164
bina 0.787888 0.945498 0.042857 0.109005
bina 0.831056 0.945498 0.038509 0.105845
bina 0.884161 0.362559 0.076398 0.074250
bina 0.890062 0.451817 0.073292 0.078989
bina 0.893789 0.542654 0.074534 0.086888
bina 0.899689 0.635071 0.080124 0.088468
bina 0.907453 0.770932 0.088199 0.161137
bina 0.917081 0.913112 0.072671 0.085308
bina 0.940683 0.106635 0.060248 0.112164
bina 0.953416 0.285150 0.064596 0.200632
bina 0.964286 0.453397 0.061491 0.161137
bina 0.973602 0.580569 0.050311 0.124803
bina 0.979814 0.695893 0.040373 0.169036
