bina 0.068063 0.087248 0.021990 0.077852
bina 0.020419 0.108725 0.031414 0.069799
bina 0.036911 0.229530 0.031937 0.061745
bina 0.012565 0.340268 0.024084 0.084564
bina 0.043194 0.520805 0.029843 0.102013
bina 0.013089 0.532886 0.026178 0.104698
bina 0.083770 0.591275 0.030366 0.068456
bina 0.125654 0.576510 0.033508 0.073826
bina 0.101571 0.471812 0.024084 0.046980
bina 0.138743 0.438255 0.032461 0.076510
bina 0.165183 0.343624 0.025654 0.072483
bina 0.183770 0.238926 0.034555 0.083221
bina 0.217016 0.162416 0.025654 0.091275
bina 0.251571 0.232886 0.026702 0.079195
bina 0.212042 0.307383 0.032461 0.069799
bina 0.203403 0.407383 0.034031 0.063087
bina 0.197120 0.571141 0.036126 0.063087
bina 0.231937 0.591275 0.028272 0.081879
bina 0.183508 0.667114 0.038220 0.077852
bina 0.078010 0.793960 0.023037 0.068456
bina 0.024869 0.668456 0.026702 0.085906
bina 0.012042 0.796644 0.024084 0.089933
bina 0.124346 0.783221 0.035079 0.100671
bina 0.236126 0.678523 0.031414 0.089933
bina 0.217539 0.762416 0.032984 0.069799
bina 0.106806 0.941611 0.039791 0.116779
bina 0.133246 0.865772 0.030890 0.091275
bina 0.156021 0.916779 0.026178 0.059060
bina 0.250000 0.862416 0.017277 0.087248
bina 0.270942 0.934899 0.026702 0.076510
bina 0.263351 0.816107 0.014660 0.053691
bina 0.279058 0.682550 0.021990 0.081879
bina 0.273822 0.505369 0.033508 0.076510
bina 0.272775 0.397315 0.029319 0.067114
bina 0.296597 0.210738 0.029843 0.069799
bina 0.267016 0.103356 0.027225 0.080537
bina 0.326702 0.038926 0.051309 0.072483
bina 0.303665 0.409396 0.034555 0.080537
bina 0.314921 0.465772 0.026702 0.045638
bina 0.312042 0.562416 0.036649 0.069799
bina 0.303141 0.842282 0.015707 0.095302
bina 0.323822 0.955034 0.020419 0.089933
bina 0.346597 0.833557 0.027225 0.091275
bina 0.335864 0.734899 0.032984 0.081879
bina 0.365707 0.614765 0.020419 0.067114
bina 0.388482 0.495973 0.029319 0.081879
bina 0.343979 0.336242 0.033508 0.081879
bina 0.386649 0.335570 0.032984 0.077852
bina 0.373560 0.217450 0.037173 0.064430
bina 0.411518 0.230872 0.030366 0.075168
bina 0.418586 0.417450 0.018325 0.102013
bina 0.415183 0.836242 0.029319 0.077852
bina 0.389529 0.940268 0.015707 0.092617
bina 0.450262 0.947651 0.030366 0.099329
bina 0.449215 0.833557 0.032461 0.072483
bina 0.446073 0.718121 0.031414 0.059060
bina 0.436911 0.619463 0.021466 0.089933
bina 0.464660 0.467785 0.036126 0.060403
bina 0.466754 0.571141 0.045550 0.081879
bina 0.473037 0.659732 0.017277 0.089933
bina 0.510995 0.724832 0.021990 0.099329
bina 0.525916 0.608054 0.015183 0.093960
bina 0.498429 0.397987 0.035602 0.065772
bina 0.463351 0.204698 0.030366 0.087248
bina 0.499738 0.257718 0.029843 0.083221
bina 0.452356 0.109396 0.035602 0.068456
bina 0.486387 0.052349 0.038743 0.088591
bina 0.530366 0.204698 0.023037 0.127517
bina 0.531675 0.079195 0.037173 0.064430
bina 0.584031 0.110738 0.024607 0.084564
bina 0.623822 0.047651 0.030890 0.060403
bina 0.640314 0.172483 0.021990 0.127517
bina 0.607068 0.251007 0.031937 0.048322
bina 0.540576 0.404698 0.024607 0.089933
bina 0.543194 0.507383 0.035079 0.064430
bina 0.579319 0.415436 0.032984 0.065772
bina 0.613613 0.391275 0.019895 0.089933
bina 0.589005 0.527517 0.027225 0.059060
bina 0.559424 0.667785 0.022513 0.089933
bina 0.548691 0.761745 0.031414 0.071141
bina 0.505236 0.856376 0.032461 0.061745
bina 0.543717 0.917450 0.024607 0.084564
bina 0.500262 0.973826 0.026702 0.052349
bina 0.588743 0.936913 0.021466 0.075168
bina 0.627749 0.907383 0.032461 0.056376
bina 0.614660 0.786577 0.028272 0.059060
bina 0.594503 0.708054 0.015183 0.095302
bina 0.613351 0.632886 0.035079 0.057718
bina 0.649738 0.713423 0.019895 0.084564
bina 0.628272 0.524161 0.020942 0.127517
bina 0.650000 0.385906 0.026702 0.127517
bina 0.696335 0.404698 0.050262 0.073826
bina 0.667277 0.542953 0.022513 0.060403
bina 0.690576 0.521477 0.029319 0.081879
bina 0.713089 0.506040 0.019895 0.083221
bina 0.750262 0.522148 0.037696 0.085906
bina 0.707853 0.680537 0.043979 0.169128
bina 0.728272 0.879866 0.033508 0.071141
bina 0.732984 0.965101 0.017801 0.069799
bina 0.683770 0.948993 0.013613 0.102013
bina 0.691623 0.046309 0.047120 0.036242
bina 0.692147 0.148993 0.020942 0.123490
bina 0.725916 0.214094 0.030890 0.055034
bina 0.755759 0.128188 0.021466 0.127517
bina 0.742147 0.020805 0.030890 0.041611
bina 0.827225 0.087919 0.030366 0.087248
bina 0.857592 0.083221 0.032461 0.102013
bina 0.847120 0.023490 0.026178 0.046980
bina 0.821466 0.022148 0.025131 0.044295
bina 0.810471 0.320805 0.019895 0.053691
bina 0.033246 0.929530 0.032984 0.097987
bina 0.096073 0.014094 0.022513 0.028188
bina 0.146859 0.018792 0.020419 0.029530
cami 0.742932 0.381208 0.035602 0.085906
