bina 0.540406 0.079284 0.064889 0.100597
bina 0.596139 0.065644 0.042596 0.083546
bina 0.613057 0.194800 0.040605 0.072464
bina 0.554538 0.204177 0.039013 0.080989
bina 0.532046 0.231032 0.037818 0.083546
bina 0.501194 0.276641 0.037420 0.082694
bina 0.478702 0.317562 0.034634 0.074169
bina 0.584196 0.329497 0.050557 0.086104
bina 0.567675 0.412191 0.051752 0.120205
bina 0.679140 0.217391 0.035032 0.073316
bina 0.671975 0.267690 0.034236 0.069906
bina 0.723726 0.267263 0.046975 0.109974
bina 0.658838 0.377664 0.058121 0.086957
bina 0.645303 0.434356 0.033439 0.070759
bina 0.730295 0.351236 0.040207 0.093777
bina 0.715366 0.405797 0.038217 0.068201
bina 0.639132 0.500000 0.052150 0.084399
bina 0.625597 0.557971 0.046576 0.072464
bina 0.695860 0.575021 0.061306 0.087809
bina 0.414411 0.182012 0.041401 0.087809
bina 0.286823 0.281330 0.041799 0.075021
bina 0.254976 0.295823 0.041003 0.112532
bina 0.237460 0.361893 0.043392 0.065644
bina 0.183718 0.384484 0.026672 0.095482
bina 0.206608 0.384910 0.039013 0.057118
bina 0.128185 0.393436 0.056529 0.084399
bina 0.064092 0.432225 0.040605 0.088662
bina 0.143909 0.540068 0.042596 0.074169
bina 0.146099 0.586530 0.039013 0.051151
bina 0.081011 0.596760 0.054538 0.132992
bina 0.077428 0.680307 0.047373 0.059676
bina 0.149881 0.677749 0.041003 0.114237
bina 0.194068 0.625320 0.036226 0.048593
bina 0.195661 0.684569 0.041003 0.069906
bina 0.286027 0.456948 0.044984 0.078431
bina 0.246815 0.487639 0.042197 0.090367
bina 0.253782 0.641944 0.051354 0.121057
bina 0.305334 0.632566 0.058121 0.117647
bina 0.363057 0.375107 0.058121 0.098892
bina 0.413416 0.314578 0.053742 0.076726
bina 0.508758 0.367860 0.043790 0.091219
bina 0.541600 0.499147 0.067277 0.137255
bina 0.435908 0.439471 0.046975 0.062234
bina 0.438893 0.489344 0.052150 0.083546
bina 0.366043 0.438619 0.055334 0.060529
bina 0.372811 0.474425 0.049761 0.052003
bina 0.488256 0.579710 0.055334 0.126172
bina 0.455613 0.654305 0.056927 0.154305
bina 0.517914 0.671782 0.051752 0.138107
bina 0.491043 0.772379 0.056131 0.126172
bina 0.591361 0.707587 0.027468 0.081841
bina 0.622611 0.727195 0.044586 0.102302
bina 0.682524 0.759591 0.042596 0.090367
bina 0.671576 0.803069 0.047771 0.075021
bina 0.670382 0.843137 0.040605 0.061381
bina 0.667994 0.883205 0.038217 0.066496
bina 0.910828 0.236573 0.070064 0.161125
bina 0.953822 0.296675 0.046975 0.132992
bina 0.870422 0.423700 0.039411 0.086957
bina 0.875995 0.500426 0.065685 0.115942
bina 0.963575 0.520887 0.070462 0.150043
bina 0.925358 0.581415 0.064092 0.136402
bina 0.860072 0.611253 0.052150 0.071611
bina 0.892118 0.655584 0.051752 0.112532
bina 0.910629 0.644501 0.029857 0.061381
bina 0.958002 0.783461 0.075239 0.172208
bina 0.863057 0.782182 0.037420 0.055413
bina 0.864650 0.831628 0.041401 0.069054
bina 0.834992 0.794544 0.042596 0.109122
bina 0.825836 0.846121 0.041799 0.075874
bina 0.813694 0.921995 0.036624 0.072464
bina 0.585987 0.798806 0.063694 0.115942
bina 0.554140 0.849105 0.030255 0.093777
bina 0.591760 0.901108 0.073646 0.127877
bina 0.533838 0.927962 0.046178 0.074169
bina 0.311306 0.792413 0.055732 0.125320
bina 0.264331 0.828218 0.058121 0.140665
bina 0.218153 0.803922 0.040605 0.075021
bina 0.197651 0.810315 0.028264 0.087809
bina 0.173965 0.827366 0.031847 0.080989
bina 0.229299 0.900682 0.037420 0.086104
bina 0.206608 0.911338 0.031847 0.097187
bina 0.181529 0.931799 0.029459 0.097187
bina 0.163615 0.942029 0.032643 0.109122
bina 0.082205 0.749787 0.041799 0.067349
bina 0.085987 0.798806 0.062102 0.076726
bina 0.088973 0.869139 0.061704 0.062234
bina 0.092954 0.930946 0.094347 0.064791
bina 0.301752 0.107843 0.080414 0.159420
cami 0.456608 0.067775 0.055732 0.108269
