bina 0.436153 0.068027 0.015962 0.037415
bina 0.478053 0.036139 0.011173 0.036565
bina 0.504988 0.062075 0.012370 0.037415
bina 0.584198 0.218963 0.023144 0.062075
bina 0.635475 0.207908 0.022745 0.050170
bina 0.658220 0.208333 0.021149 0.056122
bina 0.699721 0.252126 0.024342 0.062075
bina 0.678970 0.323129 0.016361 0.032313
bina 0.669992 0.360969 0.017558 0.048469
bina 0.631883 0.299745 0.021149 0.045068
bina 0.611532 0.270833 0.017159 0.036565
bina 0.532522 0.250000 0.025140 0.051020
bina 0.505986 0.232143 0.022346 0.044218
bina 0.548484 0.079082 0.019553 0.052721
bina 0.580208 0.085034 0.021548 0.042517
bina 0.711891 0.180697 0.021548 0.055272
bina 0.878891 0.362245 0.017159 0.051020
bina 0.831604 0.530187 0.028731 0.060374
bina 0.781325 0.373299 0.021548 0.057823
bina 0.755387 0.343112 0.023144 0.046769
bina 0.737430 0.496599 0.024741 0.056122
bina 0.668196 0.476616 0.032322 0.077381
bina 0.656225 0.545918 0.017159 0.044218
bina 0.616121 0.517007 0.032721 0.071429
bina 0.586393 0.400935 0.015563 0.043367
bina 0.622107 0.334184 0.013567 0.032313
bina 0.599561 0.301871 0.021149 0.049320
bina 0.568835 0.308673 0.023543 0.056122
bina 0.465283 0.129677 0.015164 0.045068
bina 0.477454 0.139031 0.013168 0.028061
bina 0.425978 0.103316 0.021149 0.039966
bina 0.415603 0.137755 0.024342 0.047619
bina 0.391261 0.147534 0.017957 0.036565
bina 0.398643 0.215986 0.020750 0.040816
bina 0.355746 0.282738 0.025140 0.053571
bina 0.339385 0.349490 0.023543 0.051020
bina 0.354150 0.410289 0.025938 0.051871
bina 0.403033 0.399660 0.023144 0.057823
bina 0.437151 0.377551 0.018755 0.056122
bina 0.474860 0.398810 0.019952 0.045918
bina 0.469074 0.432823 0.021149 0.042517
bina 0.538707 0.415391 0.023144 0.058673
bina 0.567837 0.448980 0.022346 0.049320
bina 0.550080 0.512330 0.018755 0.043367
bina 0.481644 0.471939 0.014366 0.040816
bina 0.490024 0.490221 0.012769 0.034864
bina 0.500200 0.534864 0.023543 0.049320
bina 0.490423 0.568452 0.018356 0.045068
bina 0.483240 0.607143 0.020750 0.042517
bina 0.469673 0.660289 0.019952 0.045068
bina 0.454709 0.681548 0.021149 0.043367
bina 0.437151 0.746173 0.023543 0.043367
bina 0.421389 0.769133 0.019952 0.038265
bina 0.459896 0.785714 0.015563 0.039116
bina 0.416600 0.815051 0.027933 0.055272
bina 0.381684 0.781037 0.019553 0.046769
bina 0.420898 0.455551 0.021149 0.045918
bina 0.322227 0.409439 0.021149 0.046769
bina 0.333001 0.477891 0.035515 0.078231
bina 0.294693 0.549745 0.026736 0.053571
bina 0.350160 0.528061 0.043496 0.098639
bina 0.364924 0.589711 0.028332 0.046769
bina 0.383480 0.593112 0.014366 0.029762
bina 0.385674 0.620323 0.017159 0.033163
bina 0.370112 0.641582 0.022745 0.033163
bina 0.346967 0.650935 0.033121 0.053571
bina 0.341381 0.684099 0.027534 0.039966
bina 0.320630 0.613946 0.021149 0.035714
bina 0.294693 0.605867 0.033121 0.045068
bina 0.298883 0.636054 0.027135 0.042517
bina 0.292298 0.673044 0.022745 0.028061
bina 0.288308 0.688776 0.021149 0.032313
bina 0.279130 0.707908 0.017159 0.043367
bina 0.775339 0.740221 0.019154 0.053571
bina 0.751796 0.815901 0.023943 0.045068
bina 0.672386 0.977041 0.028731 0.045918
bina 0.429569 0.927296 0.025938 0.043367
bina 0.438947 0.967262 0.031125 0.051871
bina 0.316640 0.752551 0.023543 0.047619
bina 0.314445 0.797194 0.022346 0.045068
bina 0.272147 0.752126 0.022346 0.045068
bina 0.254789 0.782313 0.021947 0.047619
bina 0.197925 0.743197 0.021548 0.035714
bina 0.184557 0.755527 0.017957 0.039966
bina 0.167797 0.766582 0.021947 0.038265
bina 0.172586 0.807823 0.024342 0.042517
bina 0.135275 0.782738 0.031125 0.051871
bina 0.087789 0.799745 0.019154 0.036565
bina 0.059258 0.811650 0.022745 0.038265
bina 0.015164 0.830782 0.020750 0.045918
bina 0.039505 0.836735 0.034318 0.086735
bina 0.129090 0.955782 0.049880 0.086735
bina 0.169992 0.963861 0.033520 0.051871
bina 0.211093 0.803146 0.016760 0.043367
bina 0.258579 0.835884 0.019952 0.039116
bina 0.247207 0.876701 0.025140 0.051020
bina 0.313248 0.863095 0.019952 0.049320
bina 0.319633 0.968112 0.025539 0.048469
cami 0.383679 0.313776 0.041899 0.066327
bina 0.397247 0.343112 0.016361 0.043367
bina 0.375898 0.410714 0.018356 0.037415
