bina 0.133562 0.136835 0.050053 0.172503
bina 0.167281 0.205577 0.055321 0.136187
bina 0.209694 0.302205 0.068493 0.184176
bina 0.208377 0.075875 0.076396 0.151751
bina 0.289779 0.156939 0.054795 0.075227
bina 0.339831 0.103113 0.054795 0.079118
bina 0.343519 0.208171 0.045311 0.130999
bina 0.333772 0.328794 0.040569 0.097276
bina 0.340885 0.476654 0.043203 0.143969
bina 0.294521 0.457847 0.048472 0.145266
bina 0.082192 0.440337 0.051633 0.125811
bina 0.149368 0.416991 0.058483 0.138781
bina 0.129874 0.526589 0.050053 0.166018
bina 0.071654 0.590791 0.052687 0.149157
bina 0.174131 0.725681 0.046891 0.112840
bina 0.197840 0.593385 0.056375 0.112840
bina 0.262908 0.865759 0.063224 0.141375
bina 0.304004 0.669909 0.053741 0.136187
bina 0.348525 0.852789 0.051106 0.229572
bina 0.344573 0.961738 0.050580 0.076524
bina 0.309273 0.950713 0.046365 0.088197
bina 0.445469 0.918288 0.035300 0.106355
bina 0.472603 0.900778 0.033720 0.105058
bina 0.520811 0.874189 0.037408 0.080415
bina 0.498683 0.911803 0.028978 0.077821
bina 0.410432 0.673800 0.062171 0.084306
bina 0.404636 0.765240 0.034773 0.070039
bina 0.433087 0.759403 0.031612 0.086900
bina 0.458641 0.757458 0.027924 0.093385
bina 0.499473 0.660182 0.026344 0.114137
bina 0.474710 0.660182 0.024236 0.108949
bina 0.453109 0.686122 0.029505 0.103761
bina 0.484984 0.761349 0.038462 0.101167
bina 0.509747 0.756809 0.032139 0.079118
bina 0.535300 0.726329 0.033720 0.098573
bina 0.570864 0.599870 0.035300 0.086900
bina 0.558746 0.659533 0.031085 0.071336
bina 0.598525 0.821660 0.037935 0.081712
bina 0.583772 0.903372 0.035827 0.089494
bina 0.530295 0.949416 0.047945 0.075227
bina 0.643836 0.885214 0.069547 0.141375
bina 0.635406 0.490921 0.047418 0.123217
bina 0.678872 0.415694 0.044784 0.089494
bina 0.665964 0.474060 0.035827 0.086900
bina 0.739463 0.325551 0.033193 0.090791
bina 0.769758 0.394942 0.030558 0.097276
bina 0.742624 0.503891 0.040569 0.086900
bina 0.403846 0.307393 0.043730 0.119326
bina 0.432561 0.316472 0.037935 0.098573
bina 0.466017 0.302205 0.036354 0.098573
bina 0.491570 0.271725 0.038988 0.094682
bina 0.430190 0.194553 0.037408 0.101167
bina 0.462329 0.180285 0.032139 0.098573
bina 0.493678 0.153696 0.036881 0.099870
bina 0.519231 0.153048 0.033193 0.095979
bina 0.561644 0.110246 0.057956 0.108949
bina 0.602213 0.105058 0.037935 0.090791
bina 0.613014 0.217899 0.040569 0.116732
bina 0.643572 0.194553 0.035300 0.093385
bina 0.678346 0.171855 0.037408 0.105058
bina 0.570864 0.233463 0.058483 0.116732
bina 0.710748 0.154994 0.037935 0.094682
bina 0.750263 0.141375 0.044257 0.106355
bina 0.636459 0.077821 0.040042 0.108949
bina 0.671233 0.061608 0.030558 0.112840
bina 0.704162 0.046044 0.036354 0.092088
bina 0.750263 0.038911 0.063224 0.077821
bina 0.859589 0.041505 0.053214 0.083009
bina 0.869863 0.107652 0.054795 0.129702
bina 0.824816 0.349546 0.038462 0.110246
bina 0.857218 0.320363 0.045311 0.080415
bina 0.710221 0.496757 0.032666 0.093385
bina 0.699420 0.553178 0.027924 0.110246
bina 0.651739 0.674449 0.043203 0.124514
bina 0.692308 0.704929 0.042150 0.110246
bina 0.748156 0.881323 0.040042 0.110246
bina 0.747893 0.794423 0.034247 0.105058
bina 0.788725 0.846952 0.036881 0.132296
bina 0.819810 0.883268 0.042150 0.116732
bina 0.783456 0.698444 0.053741 0.123217
bina 0.721022 0.663424 0.045838 0.112840
bina 0.788988 0.606355 0.040569 0.084306
bina 0.819547 0.680285 0.031085 0.107652
bina 0.801897 0.504540 0.033720 0.119326
bina 0.819810 0.452659 0.035827 0.095979
bina 0.860643 0.434501 0.044784 0.088197
bina 0.822972 0.603761 0.034773 0.102464
bina 0.884879 0.685473 0.039515 0.086900
bina 0.862487 0.726978 0.031612 0.107652
bina 0.914120 0.814527 0.053741 0.103761
bina 0.954162 0.856031 0.021075 0.090791
bina 0.979979 0.880026 0.023182 0.110246
bina 0.972076 0.789883 0.028451 0.062257
bina 0.939673 0.647211 0.024763 0.103761
bina 0.900421 0.500000 0.029505 0.118029
bina 0.841149 0.568742 0.025817 0.112840
bina 0.907798 0.400778 0.028451 0.093385
bina 0.914910 0.319715 0.037408 0.068742
bina 0.934141 0.392996 0.031612 0.093385
bina 0.945205 0.522698 0.029505 0.098573
bina 0.959958 0.632296 0.034773 0.102464
bina 0.987355 0.614786 0.025290 0.098573
bina 0.987355 0.461738 0.024236 0.085603
bina 0.987092 0.380026 0.025817 0.098573
bina 0.955743 0.020104 0.032666 0.040208
bina 0.902002 0.017510 0.030558 0.035019
bina 0.505269 0.016861 0.036881 0.033722
bina 0.460485 0.011673 0.033720 0.023346
bina 0.026870 0.025940 0.041096 0.051881
bina 0.700211 0.951362 0.046365 0.097276
bina 0.742360 0.983139 0.026344 0.033722
bina 0.890674 0.929313 0.034247 0.022049
bina 0.599842 0.625162 0.054268 0.111543
bina 0.307692 0.254864 0.035827 0.076524
bina 0.787408 0.167315 0.018440 0.070039
cami 0.446523 0.486381 0.066913 0.173800
