1 0.239187 0.199599 0.033351 0.100134
1 0.783481 0.715621 0.033872 0.098798
0 0.063054 0.032710 0.021886 0.049399
0 0.052371 0.064085 0.020323 0.048064
0 0.072955 0.089453 0.021886 0.040053
0 0.047421 0.137517 0.021886 0.045394
0 0.039343 0.193591 0.025534 0.048064
0 0.014851 0.221629 0.022408 0.077437
0 0.010422 0.164887 0.020844 0.065421
0 0.009380 0.064085 0.018760 0.061415
0 0.113861 0.121495 0.031787 0.066756
0 0.124023 0.081442 0.030224 0.061415
0 0.091975 0.182243 0.041167 0.100134
0 0.071391 0.294393 0.026055 0.052069
0 0.023710 0.322430 0.038041 0.057410
0 0.053153 0.422563 0.029182 0.084112
0 0.013028 0.501335 0.026055 0.076101
0 0.029442 0.555407 0.045336 0.056075
0 0.082856 0.608812 0.039604 0.141522
0 0.042470 0.701602 0.023450 0.038718
0 0.085722 0.808411 0.032830 0.057410
0 0.103439 0.754339 0.023450 0.058745
0 0.140698 0.718959 0.020844 0.044059
0 0.134184 0.759680 0.025534 0.040053
0 0.161282 0.891188 0.023450 0.049399
0 0.174310 0.951936 0.025534 0.034713
0 0.199583 0.948598 0.018760 0.038718
0 0.214956 0.881175 0.020323 0.042724
0 0.251433 0.871829 0.023450 0.058745
0 0.205836 0.827103 0.025013 0.057410
0 0.186034 0.813084 0.018760 0.037383
0 0.184732 0.879172 0.032830 0.094793
0 0.103700 0.842457 0.023971 0.050734
0 0.121157 0.873832 0.021365 0.060080
0 0.135227 0.899866 0.016154 0.050734
0 0.049505 0.850467 0.018760 0.050734
0 0.060709 0.882510 0.028661 0.056075
0 0.290516 0.688251 0.036998 0.060080
0 0.297551 0.635514 0.034393 0.061415
0 0.160240 0.506008 0.028661 0.058745
0 0.134706 0.484646 0.042209 0.053405
0 0.128973 0.397864 0.038041 0.104139
0 0.125065 0.285047 0.017718 0.068091
0 0.141480 0.297063 0.013028 0.054740
0 0.031266 0.892523 0.026055 0.097463
0 0.007817 0.946595 0.015633 0.082777
0 0.078166 0.924566 0.036477 0.076101
0 0.052371 0.971295 0.029703 0.057410
0 0.103960 0.968625 0.027619 0.049399
0 0.196196 0.398531 0.031787 0.089453
0 0.151641 0.177570 0.031266 0.101469
0 0.178739 0.236983 0.023971 0.065421
0 0.190985 0.261015 0.024492 0.068091
0 0.278530 0.302403 0.030745 0.076101
0 0.228504 0.049399 0.018239 0.066756
0 0.243616 0.058077 0.020323 0.084112
0 0.262637 0.100801 0.023971 0.052069
0 0.272277 0.070761 0.027619 0.056075
0 0.281657 0.030708 0.025534 0.042724
0 0.328035 0.127503 0.022408 0.076101
0 0.348880 0.157543 0.025534 0.077437
0 0.379364 0.237650 0.023971 0.077437
0 0.400208 0.236315 0.020844 0.056075
0 0.374153 0.351135 0.031266 0.053405
0 0.346795 0.384513 0.023450 0.050734
0 0.337155 0.418558 0.018760 0.057410
0 0.316311 0.359813 0.029182 0.070761
0 0.331162 0.291055 0.021365 0.050734
0 0.290516 0.237650 0.025534 0.061415
0 0.309015 0.271696 0.020844 0.057410
0 0.406462 0.137517 0.023971 0.074766
0 0.420792 0.077437 0.030745 0.077437
0 0.394997 0.048064 0.013549 0.034713
0 0.379625 0.036048 0.020323 0.040053
0 0.446326 0.021362 0.030745 0.042724
0 0.473424 0.106809 0.020323 0.069426
0 0.495050 0.064085 0.023971 0.050734
0 0.479937 0.025367 0.029182 0.048064
0 0.529964 0.102136 0.028140 0.089453
0 0.571131 0.317089 0.025013 0.084112
0 0.513549 0.367824 0.020323 0.076101
0 0.500521 0.448598 0.027619 0.077437
0 0.484627 0.527370 0.020844 0.080107
0 0.469776 0.657543 0.016154 0.054740
0 0.469776 0.833111 0.022408 0.074766
0 0.385096 0.839786 0.018760 0.040053
0 0.377280 0.928571 0.048984 0.132176
0 0.517196 0.547397 0.032830 0.080107
0 0.514070 0.645527 0.043252 0.118825
0 0.503387 0.839119 0.037520 0.070761
0 0.527358 0.891188 0.033351 0.081442
0 0.466910 0.897864 0.040646 0.081442
0 0.446847 0.936582 0.039083 0.068091
0 0.435383 0.978638 0.038041 0.042724
0 0.500521 0.974633 0.028661 0.050734
0 0.517196 0.944593 0.035956 0.073431
0 0.580250 0.839786 0.029703 0.098798
0 0.615425 0.795728 0.027097 0.077437
0 0.618030 0.743658 0.026055 0.064085
0 0.642783 0.752336 0.013028 0.046729
0 0.650599 0.692924 0.023450 0.066756
0 0.623502 0.614820 0.029703 0.052069
0 0.617249 0.676903 0.024492 0.045394
0 0.586503 0.689586 0.029703 0.118825
0 0.559406 0.678905 0.021365 0.092123
0 0.553413 0.587450 0.020844 0.093458
0 0.575039 0.598131 0.015112 0.074766
0 0.590672 0.594793 0.016154 0.054740
0 0.562272 0.457944 0.058364 0.120160
0 0.599010 0.485981 0.021365 0.072096
0 0.616727 0.509346 0.020323 0.054740
0 0.640698 0.537383 0.026576 0.086782
0 0.676915 0.580774 0.035435 0.096128
0 0.680302 0.674232 0.022408 0.053405
0 0.671965 0.724299 0.022408 0.070761
0 0.610735 0.900534 0.021886 0.078772
0 0.631839 0.895194 0.015112 0.073431
0 0.664409 0.861148 0.033351 0.082777
0 0.670401 0.952603 0.025534 0.073431
0 0.717301 0.895194 0.014070 0.054740
0 0.730849 0.845794 0.018239 0.057410
0 0.740229 0.799065 0.021365 0.062750
0 0.755862 0.746328 0.019281 0.056075
0 0.722512 0.692256 0.021365 0.060080
0 0.708181 0.716956 0.028140 0.058745
0 0.686555 0.775701 0.019281 0.061415
0 0.701146 0.832443 0.011985 0.046729
0 0.711308 0.785047 0.016675 0.066756
0 0.719385 0.744993 0.021365 0.061415
0 0.795727 0.613485 0.025013 0.081442
0 0.812923 0.477971 0.021886 0.074766
0 0.836634 0.429907 0.027619 0.058745
0 0.605263 0.248331 0.018239 0.056075
0 0.593538 0.315754 0.022929 0.094793
0 0.619333 0.345794 0.033872 0.098798
0 0.651902 0.375834 0.022929 0.086782
0 0.672225 0.396529 0.017718 0.072096
0 0.659197 0.311081 0.019802 0.058745
0 0.675091 0.322430 0.017196 0.062750
0 0.692809 0.331108 0.011985 0.053405
0 0.725638 0.385848 0.021365 0.112150
0 0.722772 0.484646 0.038562 0.101469
0 0.786608 0.449933 0.030745 0.069426
0 0.767327 0.522029 0.032830 0.085447
0 0.769672 0.437250 0.025013 0.065421
0 0.754820 0.324433 0.015112 0.080107
0 0.737624 0.305741 0.022408 0.066756
0 0.712090 0.270360 0.021365 0.076101
0 0.696717 0.246996 0.022929 0.069426
0 0.661282 0.210948 0.029182 0.074766
0 0.677436 0.169559 0.026055 0.064085
0 0.696196 0.127503 0.015633 0.041389
0 0.723033 0.086115 0.024492 0.062750
0 0.694112 0.040053 0.021886 0.064085
0 0.736060 0.054740 0.024492 0.074766
0 0.755081 0.030708 0.031266 0.058745
0 0.773319 0.107477 0.021886 0.065421
0 0.761855 0.132176 0.025013 0.069426
0 0.746743 0.159546 0.032308 0.068091
0 0.727462 0.199599 0.028140 0.076101
0 0.763940 0.278371 0.013549 0.049399
0 0.778009 0.242991 0.014591 0.061415
0 0.787650 0.186248 0.023450 0.076101
0 0.799375 0.166222 0.016675 0.049399
0 0.806670 0.062083 0.017718 0.060080
0 0.818134 0.026702 0.022929 0.053405
0 0.841845 0.074099 0.018239 0.052069
0 0.821001 0.102136 0.018239 0.054740
0 0.834289 0.126168 0.021886 0.041389
0 0.847056 0.166222 0.017196 0.054740
0 0.867379 0.202270 0.023450 0.068091
0 0.858260 0.144192 0.021886 0.040053
0 0.877280 0.090120 0.016154 0.057410
0 0.902032 0.118825 0.020844 0.074766
0 0.911933 0.058745 0.018760 0.050734
0 0.893174 0.045394 0.021886 0.064085
0 0.855393 0.041389 0.018239 0.040053
0 0.912976 0.015354 0.021886 0.030708
0 0.825169 0.218959 0.019281 0.058745
0 0.811621 0.258344 0.015112 0.052069
0 0.798332 0.304406 0.015633 0.064085
0 0.782439 0.347130 0.024492 0.064085
0 0.805628 0.364486 0.019802 0.053405
0 0.828296 0.334446 0.013028 0.046729
0 0.842626 0.304406 0.011464 0.064085
0 0.896561 0.321762 0.038041 0.125501
0 0.930693 0.523364 0.028140 0.074766
0 0.951277 0.473965 0.023450 0.096128
0 0.967952 0.419893 0.021365 0.070761
0 0.969255 0.248999 0.018760 0.065421
0 0.926524 0.204940 0.022929 0.068091
0 0.946587 0.134179 0.018239 0.068091
0 0.961438 0.105474 0.022929 0.064085
0 0.970297 0.074766 0.022929 0.066756
0 0.976811 0.150200 0.019281 0.046729
0 0.966910 0.190921 0.015112 0.048064
0 0.980719 0.229640 0.019802 0.048064
0 0.991402 0.331108 0.016154 0.064085
0 0.967170 0.533378 0.013549 0.068091
0 0.954924 0.582109 0.030745 0.085447
0 0.942418 0.665554 0.021365 0.054740
0 0.926003 0.642190 0.022929 0.098798
0 0.873893 0.704940 0.018760 0.061415
0 0.861907 0.745661 0.022929 0.068091
0 0.847577 0.793725 0.028661 0.094793
0 0.831944 0.849132 0.025534 0.058745
0 0.817613 0.887850 0.027097 0.072096
0 0.809536 0.945928 0.021365 0.068091
0 0.801720 0.982644 0.026576 0.034713
0 0.843669 0.981976 0.019802 0.036048
0 0.857999 0.959279 0.017196 0.057410
0 0.856175 0.882510 0.020844 0.074766
0 0.870505 0.911215 0.016154 0.065421
0 0.874153 0.855140 0.023450 0.062750
0 0.886920 0.815087 0.019802 0.073431
0 0.898385 0.763685 0.019802 0.072096
0 0.913497 0.727637 0.022929 0.069426
0 0.941376 0.768358 0.027619 0.076101
0 0.930693 0.833778 0.023971 0.065421
0 0.921313 0.862483 0.023971 0.080107
0 0.955446 0.927904 0.022408 0.074766
0 0.972642 0.835113 0.019281 0.060080
0 0.986712 0.780374 0.026576 0.070761
0 0.960917 0.713618 0.025013 0.057410
0 0.983064 0.653538 0.026576 0.054740
0 0.989838 0.612150 0.018239 0.049399
0 0.978114 0.570093 0.027097 0.058745
0 0.989317 0.951268 0.021365 0.068091
0 0.920792 0.961282 0.015633 0.066756
0 0.846014 0.020694 0.018239 0.041389
0 0.947629 0.022697 0.031787 0.045394
