1 0.698280 0.470040 0.039604 0.085220
0 0.152944 0.046605 0.032830 0.071904
0 0.182126 0.123835 0.028661 0.085220
0 0.135748 0.124501 0.019281 0.054594
0 0.130276 0.236352 0.033351 0.086551
0 0.175091 0.227031 0.028140 0.081225
0 0.274362 0.376165 0.032830 0.102530
0 0.294424 0.368842 0.029182 0.085220
0 0.312142 0.364181 0.013549 0.059920
0 0.327775 0.370839 0.018760 0.070573
0 0.344711 0.366844 0.015112 0.038615
0 0.362168 0.276298 0.059406 0.073236
0 0.369984 0.352197 0.031266 0.035952
0 0.391350 0.332224 0.018760 0.043941
0 0.424700 0.328895 0.047942 0.053262
0 0.461178 0.304261 0.033351 0.070573
0 0.465868 0.389481 0.033351 0.086551
0 0.431735 0.410786 0.023450 0.081225
0 0.289213 0.492011 0.034393 0.097204
0 0.314487 0.480027 0.033872 0.097204
0 0.340542 0.460719 0.034914 0.101198
0 0.366858 0.448735 0.031266 0.095872
0 0.385357 0.435419 0.025534 0.098535
0 0.403075 0.412783 0.028661 0.093209
0 0.022929 0.579893 0.025013 0.043941
0 0.064617 0.572570 0.053153 0.055925
0 0.117770 0.542610 0.027097 0.049268
0 0.141480 0.515979 0.028661 0.043941
0 0.172225 0.476032 0.039083 0.107856
0 0.198020 0.443409 0.028140 0.071904
0 0.226681 0.415446 0.044815 0.093209
0 0.047681 0.675766 0.032830 0.075899
0 0.014330 0.704394 0.028661 0.098535
0 0.102137 0.625832 0.078166 0.082557
0 0.162064 0.597870 0.032308 0.055925
0 0.188119 0.581225 0.032308 0.054594
0 0.212611 0.563915 0.031266 0.051931
0 0.244138 0.536618 0.050547 0.063915
0 0.293643 0.651132 0.036998 0.117177
0 0.313184 0.603862 0.030224 0.075899
0 0.323606 0.664447 0.023971 0.061252
0 0.337676 0.718375 0.031266 0.075899
0 0.351485 0.788948 0.031787 0.073236
0 0.382230 0.870173 0.017196 0.051931
0 0.354612 0.886818 0.029703 0.045273
0 0.316311 0.916112 0.032308 0.039947
0 0.069567 0.785619 0.072434 0.079893
0 0.142262 0.741012 0.086503 0.067909
0 0.220427 0.670439 0.080250 0.070573
0 0.089891 0.865513 0.071391 0.061252
0 0.161803 0.810919 0.078687 0.061252
0 0.216258 0.773635 0.032308 0.069241
0 0.240229 0.756325 0.030224 0.066578
0 0.269932 0.733023 0.029182 0.086551
0 0.284523 0.815579 0.032308 0.081225
0 0.243616 0.848868 0.043252 0.097204
0 0.182126 0.888149 0.076602 0.133156
0 0.111256 0.944740 0.058885 0.105193
0 0.369984 0.561917 0.022929 0.093209
0 0.349661 0.594541 0.039604 0.115846
0 0.384836 0.709720 0.047421 0.133156
0 0.410370 0.725699 0.030745 0.090546
0 0.389265 0.643808 0.029182 0.081225
0 0.397603 0.531957 0.043773 0.065246
0 0.449192 0.516644 0.041688 0.095872
0 0.422095 0.575899 0.043773 0.075899
0 0.442678 0.685087 0.046378 0.123835
0 0.471079 0.619174 0.025013 0.042610
0 0.481501 0.645806 0.027097 0.047936
0 0.492444 0.695073 0.053153 0.053262
0 0.508859 0.474700 0.024492 0.070573
0 0.491923 0.583222 0.039604 0.090546
0 0.506774 0.538615 0.031787 0.083888
0 0.541428 0.525300 0.038562 0.078562
0 0.529703 0.609854 0.030745 0.119840
0 0.556540 0.634487 0.053153 0.083888
0 0.589369 0.613848 0.047942 0.103862
0 0.594059 0.562583 0.036477 0.086551
0 0.627931 0.618509 0.040646 0.086551
0 0.496613 0.234354 0.038562 0.077230
0 0.502345 0.307590 0.043773 0.050599
0 0.516415 0.368176 0.045857 0.083888
0 0.548723 0.362184 0.017718 0.037284
0 0.563575 0.340879 0.024492 0.055925
0 0.581813 0.328229 0.023450 0.051931
0 0.571131 0.407457 0.025013 0.050599
0 0.593278 0.425433 0.024492 0.049268
0 0.615685 0.484021 0.036998 0.091877
0 0.640177 0.534621 0.034914 0.078562
0 0.671443 0.589214 0.053674 0.110519
0 0.612559 0.393475 0.036998 0.073236
0 0.630537 0.430093 0.017718 0.055925
0 0.655029 0.472703 0.032308 0.079893
0 0.676655 0.515979 0.023450 0.067909
0 0.690203 0.539947 0.017196 0.046605
0 0.705836 0.563915 0.018239 0.059920
0 0.728244 0.612517 0.017196 0.058589
0 0.736582 0.553262 0.027619 0.083888
0 0.760552 0.579893 0.028661 0.067909
0 0.519020 0.090546 0.020844 0.069241
0 0.521626 0.184421 0.025013 0.091877
0 0.535696 0.262317 0.032308 0.085220
0 0.555498 0.231691 0.022929 0.077230
0 0.539083 0.158455 0.025534 0.095872
0 0.534653 0.048602 0.022929 0.057257
0 0.555758 0.113848 0.023450 0.075899
0 0.571131 0.192410 0.030224 0.094541
0 0.589630 0.158455 0.026576 0.079893
0 0.572694 0.086551 0.026055 0.071904
0 0.593799 0.047936 0.022408 0.069241
0 0.616727 0.029960 0.028661 0.059920
0 0.607087 0.121838 0.032308 0.097204
0 0.630276 0.101864 0.031787 0.089214
0 0.648515 0.179095 0.019281 0.043941
0 0.634706 0.201065 0.014591 0.047936
0 0.638614 0.262983 0.017196 0.054594
0 0.615946 0.260320 0.027097 0.094541
0 0.608129 0.304261 0.018760 0.057257
0 0.592496 0.270306 0.020844 0.058589
0 0.633924 0.371505 0.025534 0.061252
0 0.645909 0.354860 0.020323 0.073236
0 0.661803 0.344208 0.022929 0.062583
0 0.659979 0.245672 0.029703 0.067909
0 0.665451 0.089880 0.025013 0.049268
0 0.678739 0.159787 0.017196 0.045273
0 0.685253 0.141145 0.013549 0.045273
0 0.711569 0.170439 0.027619 0.109188
0 0.702449 0.060586 0.038562 0.078562
0 0.747785 0.165779 0.037520 0.099867
0 0.753778 0.073901 0.050547 0.059920
0 0.741532 0.019973 0.012507 0.039947
0 0.757426 0.019308 0.016154 0.038615
0 0.774362 0.020639 0.021886 0.041278
0 0.798072 0.054594 0.033872 0.090546
0 0.834810 0.075899 0.046899 0.095872
0 0.778270 0.167776 0.024492 0.087883
0 0.805367 0.164447 0.025534 0.089214
0 0.834810 0.175766 0.027097 0.082557
0 0.861126 0.190413 0.015112 0.071904
0 0.869463 0.099867 0.019281 0.095872
0 0.873632 0.027963 0.036998 0.055925
0 0.904377 0.037949 0.024492 0.057257
0 0.927827 0.045939 0.022408 0.057257
0 0.953101 0.061917 0.038562 0.070573
0 0.890047 0.119174 0.016675 0.113182
0 0.910631 0.128495 0.018239 0.110519
0 0.932256 0.141811 0.020844 0.099867
0 0.952058 0.153795 0.018760 0.075899
0 0.976550 0.161784 0.021886 0.073236
0 0.993226 0.158455 0.013549 0.061252
0 0.993226 0.241678 0.013549 0.059920
0 0.972381 0.261651 0.026055 0.099867
0 0.951798 0.244341 0.013028 0.057257
0 0.932256 0.244341 0.022929 0.049268
0 0.912715 0.229694 0.022408 0.059920
0 0.883273 0.205726 0.013549 0.051931
0 0.896300 0.207723 0.012507 0.037284
0 0.876238 0.245672 0.018239 0.033289
0 0.869463 0.272304 0.021365 0.043941
0 0.845232 0.284288 0.017718 0.067909
0 0.828296 0.267643 0.016154 0.061252
0 0.808494 0.256325 0.019281 0.073236
0 0.777228 0.292943 0.042209 0.135819
0 0.734758 0.282290 0.040646 0.047936
0 0.698020 0.314248 0.036998 0.053262
0 0.714956 0.378828 0.019802 0.049268
0 0.726159 0.397470 0.021365 0.051931
0 0.745180 0.340879 0.023971 0.069241
0 0.722772 0.332224 0.023971 0.046605
0 0.821001 0.330226 0.046378 0.077230
0 0.755602 0.440080 0.033351 0.073236
0 0.773580 0.498003 0.022408 0.058589
0 0.789213 0.513981 0.018239 0.055925
0 0.817613 0.530626 0.015633 0.038615
0 0.804586 0.549268 0.015633 0.046605
0 0.818656 0.577896 0.013549 0.039947
0 0.821522 0.488016 0.021365 0.078562
0 0.820479 0.407457 0.024492 0.045273
0 0.793643 0.430093 0.037520 0.093209
0 0.847577 0.450067 0.014070 0.058589
0 0.843408 0.492676 0.018239 0.066578
0 0.842887 0.553262 0.022408 0.073236
0 0.864252 0.525300 0.017196 0.099867
0 0.870505 0.466711 0.023450 0.049268
0 0.869463 0.352863 0.031787 0.109188
0 0.895779 0.301598 0.023971 0.091877
0 0.918968 0.325566 0.022408 0.099867
0 0.940073 0.338216 0.019802 0.090546
0 0.891610 0.426764 0.022929 0.097204
0 0.924700 0.412783 0.036998 0.058589
0 0.931475 0.465379 0.019281 0.041278
0 0.916102 0.484021 0.021886 0.075899
0 0.928869 0.508655 0.020323 0.047936
0 0.958572 0.489348 0.020323 0.115846
0 0.969515 0.374834 0.023450 0.115846
0 0.979156 0.580559 0.020844 0.066578
0 0.972642 0.686418 0.015112 0.035952
0 0.923919 0.677763 0.064617 0.101198
0 0.864773 0.669774 0.042209 0.082557
0 0.733455 0.713049 0.025534 0.067909
0 0.730328 0.799601 0.028661 0.075899
0 0.695414 0.851531 0.053674 0.131824
0 0.780875 0.973369 0.021365 0.053262
0 0.599010 0.895473 0.033872 0.081225
0 0.554455 0.828229 0.038562 0.095872
0 0.520584 0.924767 0.035435 0.075899
0 0.571131 0.974700 0.030224 0.050599
0 0.978895 0.950067 0.030745 0.070573
0 0.790776 0.779627 0.089109 0.227696
0 0.841845 0.852197 0.026576 0.066578
0 0.865034 0.882823 0.020844 0.050599
0 0.990620 0.454727 0.018760 0.102530
