1 0.902814 0.256359 0.049505 0.145917
1 0.090933 0.811245 0.047421 0.131191
0 0.013288 0.045515 0.026576 0.069612
0 0.064096 0.041499 0.025013 0.064257
0 0.045597 0.097724 0.041167 0.080321
0 0.033872 0.153280 0.025013 0.057564
0 0.019020 0.190763 0.022408 0.052209
0 0.013549 0.245649 0.027097 0.097724
0 0.103179 0.107095 0.029182 0.072289
0 0.090672 0.151941 0.025013 0.052209
0 0.074257 0.191432 0.027619 0.077644
0 0.097447 0.226908 0.025013 0.065596
0 0.135227 0.291834 0.033872 0.091031
0 0.121417 0.140562 0.016675 0.064257
0 0.157634 0.202811 0.026576 0.078983
0 0.140698 0.175368 0.023971 0.056225
0 0.036998 0.322624 0.027097 0.069612
0 0.080250 0.354083 0.019802 0.068273
0 0.105524 0.376171 0.029703 0.061580
0 0.090151 0.416332 0.025013 0.050870
0 0.043512 0.451138 0.025534 0.077644
0 0.012507 0.420348 0.023971 0.074967
0 0.022668 0.368809 0.023450 0.057564
0 0.089630 0.617135 0.028140 0.077644
0 0.079208 0.661312 0.028140 0.069612
0 0.058624 0.708835 0.028661 0.070950
0 0.107869 0.657965 0.022929 0.062918
0 0.130016 0.676707 0.017196 0.062918
0 0.144346 0.702811 0.018760 0.053548
0 0.159719 0.728916 0.020323 0.073628
0 0.183168 0.553548 0.021365 0.065596
0 0.177697 0.609103 0.028140 0.048193
0 0.173007 0.644578 0.021886 0.054886
0 0.208442 0.682731 0.018760 0.058902
0 0.210005 0.641901 0.029182 0.044177
0 0.211569 0.548193 0.021886 0.057564
0 0.164669 0.355422 0.026055 0.062918
0 0.191245 0.386881 0.015633 0.072289
0 0.191506 0.242972 0.019281 0.087015
0 0.233194 0.315261 0.020323 0.078983
0 0.256644 0.361446 0.027619 0.064257
0 0.275664 0.383534 0.022929 0.054886
0 0.251954 0.467871 0.020323 0.054886
0 0.226159 0.445783 0.028140 0.042838
0 0.268629 0.518072 0.018239 0.048193
0 0.169880 0.049531 0.035435 0.093708
0 0.203752 0.109103 0.028140 0.100402
0 0.235018 0.157965 0.031266 0.099063
0 0.267066 0.216867 0.030745 0.091031
0 0.301720 0.268407 0.035435 0.084337
0 0.346795 0.335341 0.021365 0.078983
0 0.357217 0.260375 0.019281 0.065596
0 0.317092 0.173360 0.024492 0.078983
0 0.290776 0.130522 0.038562 0.073628
0 0.264461 0.089692 0.019281 0.061580
0 0.248046 0.064926 0.016675 0.065596
0 0.340281 0.069612 0.025013 0.099063
0 0.389005 0.047523 0.016154 0.073628
0 0.235018 0.574967 0.027097 0.084337
0 0.270453 0.605087 0.021886 0.048193
0 0.260552 0.670013 0.018760 0.054886
0 0.233455 0.703481 0.027097 0.073628
0 0.174570 0.743641 0.019802 0.068273
0 0.193330 0.766399 0.020844 0.065596
0 0.131579 0.806560 0.026576 0.078983
0 0.170662 0.807898 0.018239 0.065596
0 0.190985 0.837349 0.019281 0.068273
0 0.210266 0.863454 0.014070 0.053548
0 0.250391 0.840027 0.021365 0.054886
0 0.247264 0.900937 0.025534 0.048193
0 0.167014 0.929719 0.020323 0.054886
0 0.207660 0.948461 0.016154 0.044177
0 0.121417 0.903614 0.025013 0.072289
0 0.061490 0.932396 0.026055 0.081660
0 0.075560 0.951138 0.019802 0.078983
0 0.092236 0.968541 0.023971 0.062918
0 0.011464 0.895582 0.022929 0.045515
0 0.024492 0.659973 0.030224 0.066934
0 0.042209 0.569612 0.023971 0.060241
0 0.070610 0.517403 0.021365 0.057564
0 0.024231 0.552878 0.020323 0.053548
0 0.010422 0.524096 0.020844 0.060241
0 0.305107 0.591700 0.020323 0.128514
0 0.336373 0.570950 0.018239 0.081660
0 0.332725 0.641901 0.028661 0.078983
0 0.301459 0.700803 0.022408 0.073628
0 0.328817 0.716867 0.025013 0.068273
0 0.294424 0.792503 0.027097 0.128514
0 0.318134 0.838019 0.019281 0.074967
0 0.324127 0.786479 0.025013 0.062918
0 0.287910 0.895582 0.022408 0.058902
0 0.284784 0.943775 0.025534 0.042838
0 0.280354 0.979920 0.021886 0.040161
0 0.313184 0.974565 0.018760 0.050870
0 0.313705 0.901606 0.020844 0.068273
0 0.362689 0.945783 0.035435 0.095047
0 0.358781 0.859438 0.024492 0.056225
0 0.363992 0.803213 0.015112 0.053548
0 0.380667 0.593708 0.033872 0.095047
0 0.375456 0.670683 0.028661 0.077644
0 0.410370 0.743641 0.027619 0.068273
0 0.414018 0.692771 0.032830 0.044177
0 0.414799 0.647925 0.032308 0.053548
0 0.418708 0.607095 0.031787 0.049531
0 0.423658 0.564257 0.036477 0.054886
0 0.425743 0.517403 0.033351 0.049531
0 0.429130 0.471888 0.026576 0.054886
0 0.439291 0.398929 0.030224 0.080321
0 0.440855 0.346720 0.020844 0.048193
0 0.402553 0.388889 0.025534 0.103079
0 0.434601 0.176037 0.035435 0.095047
0 0.456227 0.261044 0.024492 0.082999
0 0.468213 0.195448 0.022408 0.080321
0 0.482282 0.143240 0.027619 0.066934
0 0.450756 0.084337 0.021886 0.082999
0 0.489578 0.082999 0.019281 0.061580
0 0.463783 0.042838 0.022929 0.066934
0 0.498437 0.036814 0.023450 0.062918
0 0.541167 0.109103 0.025534 0.097724
0 0.532830 0.178715 0.026576 0.060241
0 0.522668 0.212851 0.028140 0.061580
0 0.514591 0.271084 0.027619 0.073628
0 0.505211 0.321285 0.024492 0.077644
0 0.483064 0.453146 0.030224 0.135207
0 0.479677 0.537483 0.029703 0.041499
0 0.476290 0.578313 0.034393 0.050870
0 0.471600 0.631191 0.033351 0.041499
0 0.468734 0.667336 0.029703 0.046854
0 0.464044 0.706827 0.029703 0.050870
0 0.461178 0.764391 0.031266 0.056225
0 0.497916 0.787818 0.031787 0.060241
0 0.498697 0.744980 0.029182 0.054886
0 0.503648 0.690094 0.032830 0.054886
0 0.508338 0.632530 0.029703 0.052209
0 0.513028 0.569612 0.028661 0.054886
0 0.517457 0.495984 0.031266 0.105756
0 0.414018 0.946452 0.021365 0.064257
0 0.445284 0.977242 0.021365 0.045515
0 0.492965 0.863454 0.026055 0.072289
0 0.488536 0.914324 0.019281 0.048193
0 0.538301 0.934404 0.027097 0.093708
0 0.566701 0.968541 0.025534 0.062918
0 0.578687 0.799866 0.029703 0.103079
0 0.540907 0.827309 0.027097 0.064257
0 0.572434 0.886881 0.028661 0.065596
0 0.538301 0.880857 0.027097 0.050870
0 0.625847 0.831325 0.026055 0.050870
0 0.624023 0.866801 0.026576 0.049531
0 0.620115 0.907631 0.027097 0.053548
0 0.619594 0.955823 0.028140 0.045515
0 0.615425 0.984605 0.026055 0.030790
0 0.653465 0.949130 0.026055 0.064257
0 0.703231 0.928380 0.029703 0.046854
0 0.703491 0.968541 0.036477 0.049531
0 0.633924 0.712851 0.025534 0.062918
0 0.633142 0.673360 0.029182 0.045515
0 0.643043 0.602410 0.023971 0.088353
0 0.670401 0.679384 0.020323 0.081660
0 0.677436 0.598394 0.027097 0.058902
0 0.684211 0.566265 0.030224 0.061580
0 0.653205 0.513387 0.029703 0.073628
0 0.608650 0.487952 0.021886 0.062918
0 0.576081 0.443106 0.025534 0.061580
0 0.531527 0.372155 0.027097 0.093708
0 0.546378 0.317938 0.031787 0.065596
0 0.552892 0.263722 0.021886 0.056225
0 0.558364 0.231593 0.027619 0.061580
0 0.571131 0.183400 0.028140 0.064257
0 0.572173 0.139893 0.023971 0.054886
0 0.582856 0.091700 0.021365 0.049531
0 0.557322 0.045515 0.031787 0.061580
0 0.590933 0.058233 0.022929 0.062918
0 0.621157 0.160643 0.026055 0.069612
0 0.614904 0.210174 0.021886 0.053548
0 0.608390 0.250335 0.029703 0.069612
0 0.596144 0.324632 0.026055 0.105756
0 0.622460 0.394913 0.022408 0.066934
0 0.643564 0.278447 0.021886 0.099063
0 0.651641 0.208166 0.023450 0.062918
0 0.658155 0.166667 0.028140 0.057564
0 0.640698 0.052878 0.024492 0.105756
0 0.668577 0.098394 0.028140 0.129853
0 0.680042 0.353414 0.026055 0.104418
0 0.702189 0.423695 0.022408 0.068273
0 0.712350 0.383534 0.033351 0.068273
0 0.718343 0.330656 0.028661 0.053548
0 0.689682 0.278447 0.023450 0.053548
0 0.695414 0.242972 0.033872 0.062918
0 0.703231 0.192771 0.023450 0.048193
0 0.718603 0.145248 0.030224 0.070950
0 0.788171 0.112450 0.019281 0.096386
0 0.802241 0.142570 0.011985 0.087015
0 0.825951 0.163320 0.018760 0.080321
0 0.860604 0.117135 0.031787 0.062918
0 0.826212 0.064926 0.025534 0.038822
0 0.808755 0.046854 0.025013 0.058902
0 0.786347 0.023427 0.032308 0.046854
0 0.870766 0.036814 0.046899 0.073628
0 0.965347 0.146586 0.038041 0.113788
0 0.954403 0.052209 0.036998 0.104418
0 0.784263 0.256359 0.021886 0.070950
0 0.778270 0.311245 0.028661 0.070950
0 0.765503 0.381526 0.022929 0.099063
0 0.753257 0.454485 0.022408 0.057564
0 0.730849 0.589023 0.029703 0.080321
0 0.724857 0.645917 0.021886 0.054886
0 0.718343 0.705489 0.033872 0.093708
0 0.712871 0.805221 0.034393 0.111111
0 0.749088 0.754351 0.027619 0.065596
0 0.753778 0.704819 0.026576 0.068273
0 0.761855 0.639224 0.023971 0.078983
0 0.768108 0.595716 0.031266 0.050870
0 0.778530 0.520080 0.032308 0.095047
0 0.794164 0.433735 0.031266 0.109772
0 0.807973 0.323293 0.028661 0.121821
0 0.857478 0.392236 0.032830 0.120482
0 0.919229 0.378849 0.020844 0.085676
0 0.892913 0.442436 0.038041 0.078983
0 0.940594 0.490629 0.027097 0.087015
0 0.845232 0.455823 0.034393 0.057564
0 0.837676 0.502008 0.030745 0.058902
0 0.831944 0.548862 0.035956 0.058902
0 0.868421 0.582329 0.029703 0.072289
0 0.881709 0.536145 0.027097 0.052209
0 0.887702 0.506693 0.028661 0.062918
0 0.932517 0.560241 0.038041 0.081660
0 0.919489 0.604418 0.027619 0.046854
0 0.915060 0.653280 0.033351 0.072289
0 0.903596 0.696118 0.014591 0.026774
0 0.902814 0.733601 0.033872 0.058902
0 0.898385 0.797858 0.040646 0.069612
0 0.890568 0.874163 0.039604 0.066934
0 0.885357 0.977242 0.035435 0.040161
0 0.833768 0.955823 0.029182 0.056225
0 0.793903 0.951807 0.026576 0.042838
0 0.793121 0.907631 0.032308 0.048193
0 0.797811 0.854083 0.029182 0.053548
0 0.834028 0.907631 0.034914 0.034806
0 0.836113 0.869478 0.034914 0.041499
0 0.835591 0.814592 0.032830 0.054886
0 0.845492 0.768407 0.029703 0.056225
0 0.823606 0.634538 0.039083 0.045515
0 0.816050 0.667336 0.036477 0.057564
0 0.809797 0.721553 0.033351 0.050870
0 0.803544 0.753681 0.037520 0.050870
0 0.853830 0.663989 0.036998 0.048193
0 0.850182 0.711513 0.029703 0.057564
