1 0.423536 0.474468 0.084827 0.206809
0 0.088013 0.080000 0.089207 0.134468
0 0.043608 0.102553 0.067304 0.145532
0 0.286738 0.197872 0.123457 0.320851
0 0.166468 0.191489 0.103544 0.246809
0 0.199920 0.347660 0.114695 0.245957
0 0.081043 0.390213 0.144564 0.383830
0 0.370171 0.157872 0.059339 0.227234
0 0.425727 0.120000 0.072481 0.211064
0 0.524094 0.062128 0.061330 0.097021
0 0.520908 0.140851 0.056551 0.077447
0 0.522501 0.217872 0.055755 0.100426
0 0.588411 0.081702 0.060135 0.141277
0 0.638192 0.086383 0.035444 0.130213
0 0.665671 0.094894 0.033851 0.143830
0 0.699124 0.099149 0.033851 0.143830
0 0.735962 0.095745 0.034249 0.145532
0 0.767025 0.100851 0.035842 0.154043
0 0.810434 0.102979 0.054162 0.153191
0 0.866985 0.113617 0.062127 0.133617
0 0.845679 0.178298 0.059339 0.091064
0 0.837515 0.245532 0.065313 0.114894
0 0.792911 0.226383 0.033453 0.120851
0 0.759857 0.227234 0.030267 0.100426
0 0.734170 0.225957 0.033055 0.113191
0 0.698526 0.217021 0.037435 0.108936
0 0.660295 0.221702 0.033453 0.109787
0 0.631023 0.215745 0.029869 0.106383
0 0.581243 0.209787 0.064914 0.116596
0 0.499602 0.383830 0.045002 0.160000
0 0.552170 0.360851 0.068100 0.141277
0 0.600757 0.382553 0.033851 0.157447
0 0.630625 0.394894 0.037037 0.166809
0 0.665074 0.395745 0.031860 0.156596
0 0.696137 0.382979 0.046197 0.127660
0 0.728793 0.394894 0.054162 0.146383
0 0.760056 0.408936 0.050577 0.162553
0 0.789128 0.401702 0.045002 0.120851
0 0.820789 0.437021 0.061330 0.181277
0 0.795699 0.571489 0.058941 0.143830
0 0.933493 0.345532 0.078853 0.165106
0 0.898049 0.488085 0.052569 0.108085
0 0.882119 0.548511 0.054958 0.101277
0 0.875747 0.644255 0.049383 0.168511
0 0.766826 0.552766 0.048188 0.142128
0 0.717244 0.544681 0.084429 0.177021
0 0.647153 0.524681 0.074074 0.114894
0 0.599761 0.536596 0.043807 0.111489
0 0.564516 0.534468 0.032258 0.108936
0 0.537834 0.522128 0.038630 0.133617
0 0.344285 0.406383 0.057746 0.128511
0 0.306651 0.421277 0.045400 0.134468
0 0.277579 0.418298 0.036639 0.099574
0 0.238550 0.468936 0.058941 0.117447
0 0.187575 0.499149 0.071685 0.167660
0 0.347272 0.531915 0.039028 0.168511
0 0.310434 0.565957 0.045798 0.178723
0 0.290123 0.562979 0.053763 0.145532
0 0.236957 0.604255 0.085225 0.161702
0 0.157109 0.692766 0.062525 0.134468
0 0.048188 0.677447 0.082836 0.183830
0 0.080247 0.770638 0.085623 0.164255
0 0.118080 0.850638 0.078455 0.150638
0 0.144763 0.899574 0.068897 0.139574
0 0.179012 0.931915 0.084030 0.136170
0 0.062923 0.892766 0.078853 0.153191
0 0.253286 0.817872 0.121864 0.209362
0 0.318001 0.754468 0.066507 0.159149
0 0.365591 0.725957 0.049383 0.131064
0 0.418757 0.724255 0.057746 0.171915
0 0.484667 0.721702 0.043807 0.156596
0 0.501792 0.527234 0.039825 0.123404
0 0.517921 0.717021 0.042613 0.155745
0 0.556949 0.700426 0.043409 0.139574
0 0.604540 0.720426 0.038232 0.126809
0 0.640781 0.741702 0.035046 0.120000
0 0.676025 0.739149 0.043409 0.160851
0 0.709877 0.748936 0.047391 0.171915
0 0.755277 0.760426 0.052967 0.171064
0 0.319395 0.888936 0.090800 0.152340
0 0.274194 0.940000 0.065711 0.120000
0 0.372760 0.887234 0.031860 0.152340
0 0.418757 0.877021 0.050577 0.130213
0 0.484468 0.864255 0.045002 0.135319
0 0.523497 0.862553 0.041020 0.152340
0 0.554560 0.856596 0.033055 0.138723
0 0.588013 0.842553 0.041816 0.166809
0 0.624652 0.858298 0.045002 0.133617
0 0.655715 0.875319 0.052170 0.150638
0 0.693349 0.882128 0.058941 0.145532
0 0.730386 0.894894 0.067702 0.145532
0 0.828156 0.871915 0.056153 0.223830
