1 0.579729 0.886454 0.071391 0.176627
0 0.437467 0.104250 0.033872 0.057105
0 0.436425 0.160027 0.023450 0.054449
0 0.439291 0.218459 0.025013 0.051793
0 0.436425 0.275564 0.022408 0.046481
0 0.435122 0.335325 0.023971 0.051793
0 0.434862 0.389774 0.029703 0.051793
0 0.436425 0.434263 0.028661 0.042497
0 0.437728 0.468792 0.029182 0.034529
0 0.435383 0.524568 0.026576 0.063745
0 0.445805 0.549137 0.053674 0.115538
0 0.463002 0.455511 0.019281 0.045153
0 0.461699 0.395750 0.022929 0.061089
0 0.459614 0.339309 0.022929 0.054449
0 0.464565 0.276228 0.025534 0.053121
0 0.461178 0.222444 0.023971 0.054449
0 0.462741 0.110226 0.021886 0.045153
0 0.087546 0.033201 0.022929 0.066401
0 0.108129 0.035193 0.019281 0.065073
0 0.139135 0.108898 0.028140 0.071713
0 0.093799 0.105578 0.044815 0.065073
0 0.053153 0.045153 0.027097 0.047809
0 0.051068 0.108898 0.020844 0.071713
0 0.024492 0.171315 0.023971 0.042497
0 0.050808 0.190571 0.025534 0.083665
0 0.085201 0.188579 0.019281 0.066401
0 0.119854 0.189243 0.031266 0.070385
0 0.113601 0.264276 0.029182 0.074369
0 0.087285 0.254980 0.024492 0.061089
0 0.052371 0.272908 0.026576 0.067729
0 0.029964 0.273572 0.017196 0.061089
0 0.026837 0.346614 0.018239 0.074369
0 0.051850 0.348606 0.019281 0.067729
0 0.084419 0.341965 0.019802 0.067729
0 0.113080 0.345286 0.023971 0.069057
0 0.101094 0.418991 0.044815 0.059761
0 0.053934 0.411687 0.026576 0.050465
0 0.028661 0.424967 0.022929 0.071713
0 0.030485 0.504648 0.024492 0.069057
0 0.029442 0.577689 0.019281 0.069057
0 0.032048 0.661355 0.019281 0.071713
0 0.031006 0.741700 0.021365 0.067729
0 0.032830 0.817397 0.022929 0.062417
0 0.057582 0.810757 0.024492 0.075697
0 0.054716 0.737716 0.017718 0.073041
0 0.055498 0.541833 0.019281 0.143426
0 0.088588 0.516600 0.023971 0.042497
0 0.115425 0.501328 0.017196 0.067729
0 0.114122 0.578353 0.017718 0.075697
0 0.088848 0.582337 0.020323 0.062417
0 0.092236 0.672643 0.023971 0.041169
0 0.112819 0.666003 0.017196 0.083665
0 0.101094 0.728420 0.043773 0.075697
0 0.097186 0.804781 0.041167 0.055777
0 0.101355 0.933599 0.033872 0.063745
0 0.058885 0.933599 0.016675 0.055777
0 0.035175 0.939575 0.025534 0.054449
0 0.358260 0.787517 0.106826 0.191235
0 0.492444 0.862550 0.071912 0.168659
0 0.371027 0.604250 0.020844 0.037185
0 0.231110 0.068393 0.073476 0.136786
0 0.393434 0.124170 0.018760 0.067729
0 0.498437 0.140106 0.021365 0.102258
0 0.497655 0.198539 0.026055 0.033201
0 0.496873 0.229748 0.031787 0.034529
0 0.496092 0.286189 0.030224 0.054449
0 0.497655 0.337981 0.023971 0.049137
0 0.498176 0.389774 0.022929 0.051793
0 0.497134 0.460823 0.021886 0.061089
0 0.498437 0.516600 0.023450 0.045153
0 0.497134 0.590969 0.021886 0.066401
0 0.522668 0.594954 0.018760 0.069057
0 0.525274 0.523904 0.023971 0.070385
0 0.520844 0.457503 0.017196 0.051793
0 0.525013 0.399734 0.027619 0.058433
0 0.524752 0.336653 0.022929 0.038513
0 0.527619 0.273572 0.022408 0.042497
0 0.523971 0.237716 0.018239 0.029216
0 0.528921 0.213147 0.026055 0.027888
0 0.525795 0.166667 0.020844 0.051793
0 0.526576 0.112218 0.020323 0.043825
0 0.517457 0.015272 0.029182 0.030544
0 0.559406 0.023904 0.022408 0.045153
0 0.587546 0.022576 0.017196 0.037185
0 0.617770 0.023240 0.017196 0.046481
0 0.641480 0.031208 0.019802 0.038513
0 0.558103 0.120850 0.027097 0.050465
0 0.582856 0.118194 0.020323 0.055777
0 0.558364 0.174635 0.018239 0.057105
0 0.579468 0.174635 0.016675 0.054449
0 0.559145 0.233732 0.025013 0.047809
0 0.585722 0.234396 0.023971 0.051793
0 0.560188 0.285525 0.022929 0.058433
0 0.581813 0.287517 0.019281 0.054449
0 0.581553 0.341965 0.018760 0.054449
0 0.560448 0.348606 0.024492 0.054449
0 0.560448 0.403718 0.020323 0.055777
0 0.582074 0.403718 0.021886 0.053121
0 0.584680 0.464807 0.029182 0.061089
0 0.559927 0.464807 0.021365 0.050465
0 0.558885 0.529216 0.021365 0.051793
0 0.580250 0.525896 0.022408 0.061089
0 0.584158 0.588313 0.020844 0.053121
0 0.584940 0.646746 0.023450 0.058433
0 0.557582 0.604250 0.021886 0.092961
0 0.634445 0.123506 0.042209 0.063745
0 0.617509 0.174635 0.019802 0.051793
0 0.641740 0.180611 0.022408 0.045153
0 0.618030 0.229748 0.019802 0.053121
0 0.643564 0.230412 0.023971 0.049137
0 0.643564 0.290173 0.019802 0.046481
0 0.619594 0.293493 0.023971 0.053121
0 0.616206 0.343958 0.020323 0.055777
0 0.641219 0.345950 0.018239 0.049137
0 0.640959 0.403718 0.019802 0.050465
0 0.617770 0.405710 0.020323 0.054449
0 0.616727 0.468127 0.020323 0.051793
0 0.643564 0.458831 0.019802 0.054449
0 0.618291 0.519920 0.026576 0.046481
0 0.642001 0.572377 0.018760 0.058433
0 0.616727 0.647410 0.023450 0.046481
0 0.641740 0.663347 0.028661 0.094290
0 0.618030 0.691899 0.023971 0.045153
0 0.675873 0.712483 0.020844 0.073041
0 0.680563 0.642098 0.021886 0.051793
0 0.677176 0.578353 0.016154 0.043825
0 0.675352 0.529880 0.020844 0.053121
0 0.676394 0.452191 0.021886 0.041169
0 0.676394 0.402390 0.019802 0.039841
0 0.676655 0.349270 0.023450 0.055777
0 0.675873 0.286853 0.018760 0.053121
0 0.676655 0.221780 0.020323 0.061089
0 0.676655 0.168659 0.023450 0.042497
0 0.678218 0.122178 0.021365 0.045153
0 0.698280 0.028552 0.023971 0.057105
0 0.734497 0.030544 0.023450 0.047809
0 0.757426 0.021912 0.020323 0.038513
0 0.699583 0.128154 0.021365 0.043825
0 0.699323 0.183267 0.020844 0.053121
0 0.698541 0.235060 0.021365 0.047809
0 0.697759 0.288181 0.023971 0.061089
0 0.698280 0.347942 0.019802 0.050465
0 0.699062 0.407039 0.022408 0.054449
0 0.699062 0.457503 0.021365 0.051793
0 0.699844 0.527224 0.019802 0.053121
0 0.696456 0.582337 0.021365 0.057105
0 0.700365 0.642762 0.018760 0.047809
0 0.701668 0.723108 0.025534 0.091633
0 0.735018 0.776228 0.022408 0.078353
0 0.732934 0.695883 0.022408 0.053121
0 0.736321 0.588313 0.022929 0.047809
0 0.735800 0.469456 0.026055 0.057105
0 0.732673 0.411687 0.025013 0.050465
0 0.735018 0.347278 0.023450 0.046481
0 0.734497 0.289509 0.019281 0.037185
0 0.734497 0.231740 0.022408 0.043825
0 0.757426 0.231740 0.021365 0.057105
0 0.759250 0.293493 0.018760 0.055777
0 0.759250 0.353254 0.029182 0.066401
0 0.759510 0.409031 0.027619 0.050465
0 0.761595 0.466799 0.023450 0.051793
0 0.760813 0.531873 0.026055 0.049137
0 0.760552 0.581673 0.022408 0.053121
0 0.760552 0.647410 0.024492 0.049137
0 0.762116 0.699203 0.022408 0.049137
0 0.759250 0.762948 0.020844 0.054449
0 0.762897 0.824037 0.025013 0.057105
0 0.808233 0.030544 0.042731 0.047809
0 0.806670 0.116202 0.050026 0.062417
0 0.792340 0.180611 0.023450 0.055777
0 0.818134 0.178619 0.022929 0.054449
0 0.794424 0.235724 0.023450 0.057105
0 0.818395 0.235060 0.020323 0.053121
0 0.794945 0.294157 0.025534 0.067729
0 0.817613 0.291501 0.020844 0.051793
0 0.794685 0.347942 0.021886 0.047809
0 0.818134 0.341301 0.020844 0.045153
0 0.794424 0.410359 0.022408 0.050465
0 0.819437 0.412351 0.019281 0.057105
0 0.794424 0.469456 0.019281 0.043825
0 0.821001 0.473440 0.023450 0.049137
0 0.795466 0.529216 0.020323 0.051793
0 0.819437 0.529216 0.020323 0.057105
0 0.794685 0.585657 0.020844 0.047809
0 0.816311 0.586985 0.019281 0.045153
0 0.817874 0.652058 0.020323 0.053121
0 0.794424 0.641434 0.021365 0.063745
0 0.795727 0.701195 0.020844 0.053121
0 0.793382 0.774900 0.020323 0.054449
0 0.794424 0.845286 0.014070 0.057105
0 0.818656 0.883798 0.018760 0.062417
0 0.823085 0.747676 0.025534 0.103586
0 0.855654 0.888446 0.020844 0.061089
0 0.856436 0.938247 0.024492 0.051793
0 0.874414 0.931607 0.017718 0.043825
0 0.876498 0.887118 0.022929 0.053121
0 0.879625 0.830013 0.022929 0.050465
0 0.856957 0.764940 0.020323 0.050465
0 0.819958 0.833333 0.022408 0.038513
0 0.878843 0.762284 0.021365 0.047809
0 0.881449 0.711819 0.022408 0.047809
0 0.855915 0.709827 0.022408 0.059761
0 0.854612 0.647410 0.021886 0.049137
0 0.881449 0.642762 0.021365 0.050465
0 0.879104 0.584993 0.025013 0.057105
0 0.854091 0.579681 0.018760 0.041169
0 0.852006 0.547145 0.022929 0.037185
0 0.855393 0.510624 0.023450 0.049137
0 0.880146 0.535193 0.017718 0.037185
0 0.884315 0.467463 0.027097 0.050465
0 0.856957 0.444223 0.024492 0.041169
0 0.855133 0.409695 0.019802 0.038513
0 0.882230 0.417663 0.021886 0.051793
0 0.883794 0.359894 0.022929 0.039841
0 0.854351 0.351926 0.020323 0.047809
0 0.651120 0.824037 0.026576 0.059761
0 0.676655 0.838645 0.022408 0.049137
0 0.659458 0.894422 0.029703 0.059761
0 0.682908 0.884462 0.027619 0.045153
0 0.666232 0.940239 0.023450 0.047809
0 0.689682 0.930279 0.022408 0.043825
0 0.722772 0.897078 0.018760 0.051793
0 0.724857 0.948871 0.023971 0.057105
0 0.752215 0.943559 0.021365 0.051793
0 0.797030 0.959495 0.049505 0.081009
0 0.882751 0.298805 0.021886 0.053121
0 0.880928 0.239044 0.020323 0.053121
0 0.856175 0.234396 0.026055 0.057105
0 0.853830 0.177955 0.024492 0.047809
0 0.877280 0.174635 0.018239 0.051793
0 0.881709 0.116202 0.023971 0.062417
0 0.858781 0.124170 0.023971 0.059761
0 0.854612 0.030544 0.040646 0.058433
0 0.919489 0.160691 0.029703 0.082337
0 0.913497 0.260956 0.020844 0.112882
0 0.938510 0.228420 0.022929 0.039841
0 0.936165 0.262948 0.028661 0.029216
0 0.937989 0.298805 0.026055 0.029216
0 0.939291 0.345286 0.021365 0.061089
0 0.938770 0.405710 0.022408 0.059761
0 0.934601 0.521248 0.035956 0.075697
0 0.939031 0.602922 0.022929 0.042497
0 0.917144 0.648074 0.018760 0.050465
0 0.914799 0.712483 0.018239 0.043825
0 0.928348 0.770252 0.043252 0.045153
0 0.928609 0.831341 0.044815 0.047809
0 0.927566 0.895750 0.046899 0.046481
0 0.942418 0.717131 0.021365 0.050465
0 0.940855 0.650730 0.019281 0.045153
0 0.975508 0.684595 0.027097 0.051793
0 0.974466 0.737052 0.027097 0.047809
0 0.973684 0.818725 0.021365 0.088977
0 0.976029 0.624170 0.021886 0.050465
0 0.983585 0.540505 0.032830 0.084993
0 0.979156 0.425631 0.031266 0.094290
0 0.970297 0.092297 0.031266 0.054449
0 0.976811 0.144090 0.027619 0.041169
0 0.983585 0.191235 0.024492 0.047809
0 0.989317 0.247676 0.021365 0.059761
0 0.981761 0.965471 0.036477 0.061089
0 0.227983 0.887782 0.052632 0.086321
