cami 0.678739 0.827795 0.051589 0.132931
bina 0.153726 0.524924 0.041688 0.125378
bina 0.097186 0.513595 0.030745 0.096677
bina 0.040386 0.520393 0.029703 0.092145
bina 0.057061 0.261329 0.030745 0.069486
bina 0.035175 0.252266 0.025534 0.084592
bina 0.096404 0.234894 0.032308 0.089124
bina 0.153986 0.277190 0.046378 0.152568
bina 0.219906 0.256042 0.029182 0.080060
bina 0.348098 0.635196 0.037520 0.104230
bina 0.176915 0.966767 0.038041 0.066465
bina 0.469515 0.634441 0.028140 0.108761
bina 0.498697 0.641239 0.029182 0.101208
bina 0.465347 0.808157 0.031266 0.111782
bina 0.495310 0.807402 0.029703 0.107251
bina 0.603439 0.536254 0.017718 0.099698
bina 0.645388 0.540030 0.033872 0.116314
bina 0.619333 0.528701 0.018239 0.078550
bina 0.609432 0.654834 0.026576 0.077039
bina 0.721209 0.640483 0.027097 0.105740
bina 0.758468 0.055891 0.034914 0.102719
bina 0.810839 0.048338 0.025013 0.090634
bina 0.816571 0.168429 0.027097 0.107251
bina 0.811621 0.549094 0.031787 0.140483
bina 0.803022 0.679003 0.031266 0.119335
bina 0.852788 0.582326 0.050547 0.182779
bina 0.834028 0.708459 0.033872 0.132931
bina 0.891871 0.638973 0.029703 0.132931
bina 0.929390 0.675982 0.035956 0.146526
bina 0.972121 0.709215 0.043252 0.140483
bina 0.893955 0.389728 0.045336 0.178248
bina 0.930172 0.407100 0.038562 0.137462
bina 0.824648 0.873867 0.030745 0.143505
bina 0.855133 0.853474 0.025013 0.078550
bina 0.878843 0.919184 0.031787 0.122356
bina 0.906462 0.941088 0.036998 0.105740
bina 0.241532 0.756798 0.044294 0.093656
bina 0.881449 0.751511 0.032830 0.122356
