cami 0.273229 0.242496 0.055198 0.134281
bina 0.125575 0.169036 0.050598 0.082148
bina 0.082337 0.170616 0.035879 0.072670
bina 0.040938 0.168246 0.045078 0.067930
bina 0.035419 0.253555 0.050598 0.086888
bina 0.079117 0.252765 0.040478 0.072670
bina 0.120515 0.255924 0.044158 0.075829
bina 0.101196 0.351501 0.064397 0.077409
bina 0.098896 0.435229 0.057958 0.080569
bina 0.040478 0.352291 0.066237 0.082148
bina 0.038638 0.439968 0.066237 0.080569
bina 0.033119 0.560821 0.042318 0.120063
bina 0.067617 0.564771 0.039558 0.118483
bina 0.100276 0.563981 0.038638 0.120063
bina 0.083717 0.650869 0.075437 0.063191
bina 0.083717 0.714850 0.075437 0.074250
bina 0.296228 0.069510 0.051518 0.101106
bina 0.396964 0.061611 0.059798 0.113744
bina 0.459522 0.054502 0.065317 0.099526
bina 0.598896 0.060821 0.091996 0.115324
bina 0.357866 0.199052 0.034959 0.072670
bina 0.403864 0.169826 0.062557 0.058452
bina 0.462282 0.163507 0.054278 0.058452
bina 0.512420 0.179305 0.036799 0.077409
bina 0.459522 0.217220 0.063477 0.052133
bina 0.384545 0.272512 0.082797 0.074250
bina 0.460902 0.273302 0.071757 0.066351
bina 0.509660 0.262243 0.038638 0.072670
bina 0.406164 0.365719 0.039558 0.080569
bina 0.443882 0.365719 0.032199 0.064771
bina 0.514719 0.462875 0.034039 0.072670
bina 0.472861 0.451027 0.025759 0.064771
bina 0.509660 0.383096 0.034959 0.067930
bina 0.472861 0.373618 0.033119 0.064771
bina 0.493100 0.571090 0.047838 0.077409
bina 0.449402 0.568720 0.041398 0.075829
bina 0.409384 0.567141 0.038638 0.075829
bina 0.367525 0.563981 0.041398 0.088468
bina 0.360626 0.653239 0.047838 0.090047
bina 0.404784 0.654818 0.045998 0.080569
bina 0.458142 0.695103 0.049678 0.085308
bina 0.504140 0.690363 0.051518 0.107425
bina 0.502300 0.804897 0.057038 0.071090
bina 0.505060 0.868088 0.060718 0.064771
bina 0.506440 0.942338 0.057958 0.080569
bina 0.572677 0.203002 0.052438 0.131122
bina 0.620515 0.194313 0.043238 0.088468
bina 0.618675 0.304107 0.046918 0.121643
bina 0.569457 0.293049 0.047838 0.058452
bina 0.561178 0.345182 0.042318 0.042654
bina 0.610396 0.390995 0.065317 0.058452
bina 0.560258 0.447077 0.034959 0.113744
bina 0.624655 0.469984 0.033119 0.099526
bina 0.590616 0.462875 0.038638 0.097946
bina 0.567157 0.576619 0.050598 0.063191
bina 0.619595 0.575829 0.054278 0.071090
bina 0.619595 0.639810 0.048758 0.069510
bina 0.570837 0.631122 0.050598 0.055292
bina 0.570377 0.684044 0.044158 0.063191
bina 0.568997 0.739336 0.050598 0.066351
bina 0.569457 0.794629 0.053358 0.069510
bina 0.571757 0.872828 0.050598 0.096367
bina 0.573137 0.958136 0.049678 0.080569
bina 0.620515 0.901264 0.045078 0.143760
bina 0.621435 0.805687 0.048758 0.060032
bina 0.618215 0.748815 0.047838 0.060032
bina 0.619135 0.695893 0.055198 0.071090
bina 0.701012 0.473144 0.066237 0.086888
bina 0.701932 0.404423 0.066237 0.085308
bina 0.704692 0.334123 0.082797 0.077409
bina 0.683073 0.233807 0.048758 0.126382
bina 0.724471 0.259874 0.046918 0.112164
bina 0.779209 0.273302 0.064397 0.088468
bina 0.774149 0.344392 0.067157 0.085308
bina 0.773689 0.411532 0.075437 0.080569
bina 0.772309 0.485782 0.072677 0.099526
bina 0.769089 0.619273 0.073597 0.069510
bina 0.700092 0.602686 0.077277 0.074250
bina 0.693192 0.668246 0.078197 0.075829
bina 0.697792 0.727488 0.076357 0.077409
bina 0.698252 0.782780 0.069917 0.055292
bina 0.693192 0.874408 0.054278 0.112164
bina 0.775069 0.827014 0.076357 0.086888
bina 0.775989 0.755924 0.074517 0.071090
bina 0.768629 0.691943 0.078197 0.088468
bina 0.082797 0.043444 0.066237 0.086888
bina 0.888684 0.274092 0.053358 0.090047
bina 0.843606 0.268562 0.047838 0.088468
bina 0.890524 0.359400 0.049678 0.090047
bina 0.841306 0.353081 0.048758 0.093207
bina 0.845446 0.465245 0.058878 0.140600
bina 0.897884 0.465245 0.047838 0.131122
bina 0.903404 0.639810 0.049678 0.135861
bina 0.852346 0.639021 0.065317 0.153239
